========================================================================
EXPERIMENT: presolve_scaling
========================================================================

--- Zero-spread sub-control (K=1, all modes same obj) ---
  shared obj=1.598862  locked obj=1.598862  free obj=1.598862
  Sub-control (K=1 all-modes-equal): PASS

--- Main sweep ---
   n   K      mode         obj      secs    nbin
----------------------------------------------------
  24   3    shared     1.67328    0.0402       6
  24   3    locked     1.67328    0.0455      18
  24   3      free     1.67328    0.0457      18
  24   5    shared     1.62515    0.0701       6
  24   5    locked     1.62515    0.0636      30
  24   5      free     1.62480    0.0610      30
  24   7    shared     1.62408    0.0834       6
  24   7    locked     1.62408    0.0859      42
  24   7      free     1.62387    0.0695      42
  24   9    shared     1.62042    0.0874       6
  24   9    locked     1.62042    0.0976      54
  24   9      free     1.62027    0.1008      54
  48   3    shared     6.74797    0.0896      12
  48   3    locked     6.74797    0.0784      36
  48   3      free     6.74797    0.0843      36
  48   5    shared     6.73183    0.1585      12
  48   5    locked     6.73183    0.1688      60
  48   5      free     6.73183    0.1331      60
  48   7    shared     6.72949    0.2103      12
  48   7    locked     6.72949    0.1869      84
  48   7      free     6.72949    0.1720      84
  48   9    shared     6.72965    0.1772      12
  48   9    locked     6.72965    0.1580     108
  48   9      free     6.72965    0.2141     108
  72   3    shared    11.89445    0.1539      18
  72   3    locked    11.89445    0.1288      54
  72   3      free    11.89445    0.1031      54
  72   5    shared    11.86337    0.1997      18
  72   5    locked    11.86337    0.2086      90
  72   5      free    11.86337    0.1738      90
  72   7    shared    11.85659    0.2482      18
  72   7    locked    11.85659    0.2715     126
  72   7      free    11.85659    0.2603     126
  72   9    shared    11.85620    0.2407      18
  72   9    locked    11.85620    0.2302     162
  72   9      free    11.85619    0.3570     162

CONTROL: locked obj == shared obj for all (n, K) combinations -- PASS

--- Scaling summary: solve seconds by mode ---
   n   K    shared_s    locked_s      free_s   nbin_shared   nbin_locked   nbin_free
------------------------------------------------------------------------------------------
  24   3      0.0402      0.0455      0.0457             6            18          18
  24   5      0.0701      0.0636      0.0610             6            30          30
  24   7      0.0834      0.0859      0.0695             6            42          42
  24   9      0.0874      0.0976      0.1008             6            54          54
  48   3      0.0896      0.0784      0.0843            12            36          36
  48   5      0.1585      0.1688      0.1331            12            60          60
  48   7      0.2103      0.1869      0.1720            12            84          84
  48   9      0.1772      0.1580      0.2141            12           108         108
  72   3      0.1539      0.1288      0.1031            18            54          54
  72   5      0.1997      0.2086      0.1738            18            90          90
  72   7      0.2482      0.2715      0.2603            18           126         126
  72   9      0.2407      0.2302      0.3570            18           162         162

--- Compact results table ---
n   K   mode      obj       secs    nbin
 24  3  shared     1.67328  0.0402      6
 24  3  locked     1.67328  0.0455     18
 24  3  free       1.67328  0.0457     18
 24  5  shared     1.62515  0.0701      6
 24  5  locked     1.62515  0.0636     30
 24  5  free       1.62480  0.0610     30
 24  7  shared     1.62408  0.0834      6
 24  7  locked     1.62408  0.0859     42
 24  7  free       1.62387  0.0695     42
 24  9  shared     1.62042  0.0874      6
 24  9  locked     1.62042  0.0976     54
 24  9  free       1.62027  0.1008     54
 48  3  shared     6.74797  0.0896     12
 48  3  locked     6.74797  0.0784     36
 48  3  free       6.74797  0.0843     36
 48  5  shared     6.73183  0.1585     12
 48  5  locked     6.73183  0.1688     60
 48  5  free       6.73183  0.1331     60
 48  7  shared     6.72949  0.2103     12
 48  7  locked     6.72949  0.1869     84
 48  7  free       6.72949  0.1720     84
 48  9  shared     6.72965  0.1772     12
 48  9  locked     6.72965  0.1580    108
 48  9  free       6.72965  0.2141    108
 72  3  shared    11.89445  0.1539     18
 72  3  locked    11.89445  0.1288     54
 72  3  free      11.89445  0.1031     54
 72  5  shared    11.86337  0.1997     18
 72  5  locked    11.86337  0.2086     90
 72  5  free      11.86337  0.1738     90
 72  7  shared    11.85659  0.2482     18
 72  7  locked    11.85659  0.2715    126
 72  7  free      11.85659  0.2603    126
 72  9  shared    11.85620  0.2407     18
 72  9  locked    11.85620  0.2302    162
 72  9  free      11.85619  0.3570    162

Result written to: workflow-results\presolve_scaling.result.json
DONE.
